-0.0319799
-0.0060818
0.000634191
-0.0346129
-0.0325583
-0.0169599
-0.0167095
-0.0295265
-0.0106916
-0.00156672
-0.0141305
-0.0110529
-0.0183211
-0.132041
-0.0194065
-0.0265966
-0.0235645
-0.0234859
-0.0250813
-0.0547901
-0.029743
-0.0462158
-0.0713285
-0.0454682
-0.0409502
-0.0480004
-0.0355936
-0.038606
-0.0243762
-0.0394465
-0.0410392
-0.0339975
-0.00798044
-0.0566342
-0.0288918
-0.0211128
-0.066574
-0.0108764
-0.0414101
-0.0309596
-0.0536393
-0.0274544
-0.05138
-0.0567245
-0.0731624
-0.0460031
-0.0464902
-0.0542051
-0.0558892
-0.0505777
-0.0470609
-0.0487886
-0.0476554
-0.0535346
-0.0462022
-0.0574773
-0.0428496
-0.040882
-0.0437054
-0.05157
-0.0582376
-0.0450895
-0.054241
-0.0565865
-0.0712836
-0.0734618
-0.0807169
-0.0884714
-0.0733596
-0.082424
-0.0832128
-0.0850259
-0.0875672
-0.0880791
-0.0943951
-0.0962496
-0.108679
-0.114797
-0.121487
-0.123426
-0.131059
-0.145052
-0.129418
-0.174046
-0.214694
-0.2091
-0.257346
-0.211801
-0.242417
0.296881
-0.300182
-0.255321
-0.277034
-0.281221
-0.286533
-0.285453
-0.251502
-0.31186
-0.322329
-0.275336
-0.298556
-0.288291
-0.333403
-0.356585
-0.325183
-0.383648
-0.0778315
0.779096
0.532498
0.139801
0.944257
0.999971
-0.0280188
0.999242
-0.225364
0.999998
-0.994104
0.995359
0.999887
0.999616
-0.181177
0.958342
0.442815
-0.38384
0.125401
0.367478
-0.173909
0.0692826
0.994419
-0.553363
-0.375551
-0.310538
-0.350203
0.0378056
0.844749
-0.362043
-0.098165
-0.388706
0.00177283
-0.345882
-0.231326
-0.0516911
-0.23658
-0.19365
-0.266789
-0.193302
-0.213812
-0.21509
-0.251911
-0.236467
-0.208967
-0.215442
-0.213287
-0.174949
-0.184991
-0.156933
-0.163985
-0.158536
-0.157757
-0.160579
-0.138757
-0.128612
-0.137537
-0.109178
-0.117844
-0.0898488
-0.0920879
0.0791738
-0.101361
-0.0949669
-0.103714
-0.0311553
-0.113606
-0.114365
-0.0705537
-0.106808
0.00941654
-0.10512
-0.109707
-0.120888
-0.0973068
-0.119737
-0.0855508
-0.0915498
-0.0800348
-0.0625187
-0.015616
0.999449
0.999725
-0.061173
-0.0587377
-0.104213
-0.111691
-0.035667
-0.0666932
-0.109724
-0.104601
-0.0565068
-0.0770721
-0.10252
-0.0517306
0.843332
1
0.968597
0.999393
0.998296
0.99985
0.990738
-0.0472867
-0.0661688
-0.0881947
-0.0734173
-0.0513379
-0.0731201
-0.0769809
-0.0759226
-0.0703232
-0.0725975
-0.0711173
-0.0686358
-0.0726373
-0.0710809
-0.0602835
-0.069078
-0.0647871
-0.0627747
-0.136899
-0.06774
-0.0563168
-0.0582636
-0.0597193
0.257427
-0.0525137
-0.0501823
-0.0535265
-0.0048265
-0.0526849
-0.0437132
-0.0478575
-0.035898
-0.0544487
-0.0573063
-0.0502684
-0.0499012
-0.0535649
-0.0515975
-0.0516715
-0.0563388
-0.0702474
-0.060558
-0.0737664
-0.084271
-0.0739011
-0.072697
-0.0780097
-0.095886
-0.0878938
-0.0489072
-0.0603458
-0.108272
-0.132326
-0.118151
-0.164093
0.139384
0.0481535
-0.187441
-0.235921
-0.238457
-0.240066
-0.23341
-0.238025
-0.340874
-0.364854
0.628882
-0.294351
0.882314
-0.645768
-0.483991
0.980096
0.964017
0.930455
0.997344
0.999511
0.992931
0.996972
0.999186
-0.977438
1
1
0.999984
-0.998641
0.999488
0.999997
-0.781345
-0.991156
0.973445
-0.85275
0.574086
-0.986424
0.997539
-0.987148
0.984712
-0.992236
0.999846
0.994179
0.999992
0.748553
0.956038
0.968456
0.999718
-0.990536
-0.998858
0.992319
-0.964428
0.998468
1
0.999814
0.996948
0.999921
0.961985
0.9971
0.988205
0.922812
-0.999999
0.997331
0.999999
-0.999393
0.999997
0.999512
0.971117
0.999776
0.884209
0.941497
0.697981
0.99998
-0.999982
0.744795
0.998672
0.98052
0.999647
0.99995
0.996352
0.999963
-0.993948
0.842059
-0.911045
0.993989
-0.999976
-0.999183
-0.810931
0.669853
0.9347
-0.694778
-0.999951
0.964415
-0.331101
-0.149357
0.999973
0.787953
0.965692
-0.895392
0.525655
-0.232904
-0.577094
-0.266867
-0.806457
-0.126442
0.0182792
-0.391327
-0.164523
-0.0202297
-0.120242
-0.130166
-0.115037
-0.102199
-0.0780629
-0.105331
-0.0724915
-0.111775
-0.112318
-0.0987604
-0.0932386
-0.0881917
-0.0867031
-0.0894735
-0.100655
-0.0942379
-0.086113
-0.0781031
-0.0862191
-0.078148
-0.109351
0.078699
-0.103213
-0.107995
-0.107615
-0.106657
-0.0933909
-0.109757
-0.117938
-0.104608
-0.109356
-0.0757959
-0.0588
-0.0285541
0.000904282
0.0212356
0.0345469
0.0615959
0.0708887
0.0794244
0.0509757
0.120409
0.0783576
0.106289
0.0929142
0.077186
0.0938171
0.111273
0.100372
0.0839126
0.129403
0.627263
0.126256
0.0507643
0.135393
0.122966
-0.416907
0.124841
-0.94807
0.999895
0.999954
0.217147
-0.998857
0.995483
0.999124
0.998948
0.997786
0.999814
0.880909
0.999998
0.999957
0.99165
0.999998
0.987576
0.999964
0.585799
0.839894
0.0593928
0.999993
0.99545
0.995534
0.999873
0.999978
-0.993515
0.999953
0.548515
0.182848
0.910387
-0.999337
-0.956489
-0.960334
0.963164
-0.13025
0.998632
-0.173391
-0.119287
-0.226721
-0.152321
-0.105187
-0.145349
-0.0955803
-0.0694221
-0.22733
-0.0849953
-0.0782845
-0.0748393
-0.0795797
-0.0637755
-0.0587946
-0.0504051
-0.325998
-0.0478139
-0.0607077
-0.076449
-0.0392151
-0.0396283
-0.0599294
-0.0400569
-0.0377749
-0.0312616
-0.0210116
-0.0349506
-0.0309387
-0.0224151
-0.0345814
-0.0255566
-0.013304
-0.017012
-0.0160056
-0.00020709
-0.000976382
0.0016414
-0.0104397
0.0137508
0.0801692
0.031621
0.0282017
0.00829812
0.0313952
0.0490881
0.039368
0.0531051
0.0483431
0.0380819
0.0678563
0.123218
0.106087
0.105009
0.114534
0.100239
0.113495
0.114227
0.0933456
0.149913
0.121341
0.167469
0.138249
0.13817
0.196351
0.190633
0.188893
0.181141
0.209687
0.104996
0.195226
0.243167
0.223055
0.188907
0.190173
0.174698
0.158281
0.162325
0.143857
0.163988
0.120764
0.145471
0.142958
0.129844
0.121261
0.0991295
0.102062
0.111616
0.16237
0.0853309
0.0827939
0.0475217
0.071571
0.0202795
-0.0122403
0.157246
-0.0467575
-0.0567801
-0.120369
-0.058248
-0.115017
-0.113286
-0.188017
-0.189885
-0.327004
-0.41828
0.115726
-0.196749
-0.155112
-0.121938
-0.127158
-0.663572
-0.184476
0.999806
0.999985
-0.916537
-0.997592
-0.998878
0.999982
-0.999916
-0.994612
0.999552
-0.928676
-0.263362
-0.6137
-0.21206
-0.220496
-0.220776
-0.212583
0.994239
1
1
0.998614
-0.998038
-0.997069
0.999989
-0.333093
-0.290901
-0.241194
-0.645008
-0.764099
0.599339
0.725778
-0.0905498
0.831427
-0.200449
0.737223
-0.233072
-0.161186
-0.273743
-0.483458
-0.311133
-0.290219
-0.38012
-0.274008
-0.277311
-0.266339
-0.260024
-0.192185
-0.325033
-0.085133
-0.289599
0.108081
-0.229478
-0.194594
-0.13632
-0.243404
-0.195966
-0.169732
-0.255581
-0.235397
-0.195389
0.147908
-0.197782
-0.204528
-0.18198
-0.240047
-0.209925
-0.329515
0.0206042
-0.253798
-0.294727
-0.301377
-0.310981
-0.323443
-0.366378
-0.343393
-0.331926
-0.327156
-0.323164
-0.316633
-0.347553
-0.305678
-0.326763
-0.344597
-0.355624
-0.342437
-0.33665
-0.312344
-0.388872
-0.356077
-0.236453
-0.218243
-0.306176
-0.70603
-0.200612
-0.263581
-0.218312
-0.164362
-0.300614
-0.508611
0.854488
-0.812153
-0.699624
-0.992127
-0.778558
-0.737266
-0.91265
-0.345908
-0.993534
-0.968654
0.998407
-0.931039
0.481984
0.998596
0.997644
0.995058
0.994267
-0.997821
0.971881
-0.974066
0.999904
-0.272032
0.995466
-0.24639
0.999997
-0.993023
0.99931
-0.999239
1
-0.999367
-0.944759
0.998982
0.999156
0.999998
0.999886
1
0.999354
-0.999072
-0.999394
-0.999294
0.99885
-0.999982
0.747754
0.998386
0.999878
0.996973
-0.998761
-0.995191
-0.999997
1
0.999127
0.999594
0.999889
0.99998
0.999981
-0.972105
0.282781
-0.327693
-0.97968
-0.152901
-0.316285
-0.227305
-0.234825
-0.388619
-0.241012
-0.228013
-0.00826317
-0.220946
-0.256211
-0.20824
-0.200285
-0.182009
-0.193491
-0.194219
-0.154271
-0.157604
-0.160364
-0.155826
-0.146472
-0.116785
-0.123079
-0.113727
-0.102319
-0.101002
-0.0771362
-0.0695511
-0.0774101
-0.0740994
-0.0978582
-0.0710148
-0.0579032
-0.0471304
-0.092796
-0.0203842
-0.00895049
-0.0211618
-0.0280073
0.00476114
-0.0811982
0.0458148
0.107029
-0.767634
0.180624
0.15117
0.193682
0.234735
0.182778
0.181057
0.158087
0.203081
0.208419
0.27209
0.238819
0.220692
0.239406
0.126807
0.209869
0.379653
0.118034
0.207307
0.206875
0.174997
0.23342
0.99994
0.443043
0.968546
0.11386
0.995781
0.203279
0.989854
0.243388
0.953128
0.99965
0.99927
0.94453
0.999769
0.993561
0.96396
0.997497
0.985166
0.999999
-0.204169
0.956573
0.957444
0.999943
-0.201969
0.994821
-0.964854
0.994091
0.932762
0.999983
-0.956087
0.99996
0.992872
-0.99984
0.999983
0.767821
0.990658
0.981974
0.990503
-0.992449
0.996297
0.993227
0.915162
0.997224
0.998605
0.995129
0.998842
0.985747
0.999928
0.361777
-0.739425
0.969789
0.328302
0.993235
0.999282
0.999558
0.333027
-0.999725
-0.999995
0.999339
-0.928117
0.946558
-0.999979
-0.926476
0.966487
0.90541
0.977723
0.993897
-0.962151
0.985214
0.986847
-1
0.980991
0.991366
0.999995
0.96704
-0.432014
0.999966
0.973537
0.994832
0.998158
0.977715
0.989555
0.999428
0.99992
0.957631
0.99916
0.994721
1
0.999971
-0.998764
-0.881954
0.99981
0.999139
0.836055
0.999952
1
0.99094
0.999817
0.603831
0.811198
0.999405
0.995866
0.778808
0.995231
0.951213
-0.992307
-0.67605
0.999988
0.994685
0.998081
0.990687
0.997487
0.993897
0.996153
0.937203
0.999995
0.999903
0.954038
0.207392
1
0.187301
-0.623919
0.972637
0.999706
0.982015
0.992517
0.999973
0.901238
0.999732
0.999987
-0.99991
0.981497
0.995507
-0.995839
0.992381
-0.997124
-0.996919
0.997082
0.999191
0.999955
0.90523
0.309719
0.236566
0.233937
0.225067
0.0906063
0.999995
0.130728
0.0565807
0.0812495
0.0570592
0.0467675
0.0394409
0.0244687
-0.368676
0.0484156
0.038186
0.0510518
0.0346293
0.0432966
0.0259534
0.0111075
0.004845
0.0330868
0.010873
0.0265027
-0.050159
-0.0111109
-0.0503355
0.267254
-0.00689744
-0.0144762
0.0352856
-0.403869
-0.0194802
-0.0555856
-0.00265671
0.0145067
-0.00507603
-0.00661792
-0.0231455
-0.000135497
0.00701835
0.025661
0.0230378
0.0324456
-0.00488496
0.0527273
0.0549792
0.0680604
0.0900121
0.100447
0.09145
0.0898055
0.102596
0.132512
0.0949105
0.116874
0.171923
0.271668
0.164557
0.229216
0.982096
-0.79824
0.258431
0.999828
-0.403736
0.291899
0.430695
0.957642
-0.452021
-0.838398
-0.811603
-0.998538
0.551874
-0.799447
0.99999
0.995606
-0.72891
0.99997
-0.19716
-0.975539
-0.057958
0.994267
0.999831
1
0.99997
0.999411
0.999702
-0.991308
0.911304
0.999817
0.999562
0.999868
0.955458
0.998742
0.999998
0.999971
0.967094
0.999959
0.76592
0.319047
0.456662
0.213543
0.204519
-0.118134
0.0169788
0.379987
0.0943358
0.0529187
0.155049
0.2235
0.118514
0.0380363
0.114217
0.13692
0.065214
0.125342
0.0653525
0.0983836
0.0693631
0.0323222
-0.00863054
0.0712954
0.0457452
0.000635077
0.0671127
0.0556794
0.0547788
0.0446137
0.0427283
0.025568
0.0111907
0.0360855
0.0255144
0.00381757
-0.00206952
0.00336159
-0.00767068
0.0151479
-0.00101332
0.00599934
-0.00838945
-0.0374846
-0.0232131
-0.0261893
-0.0219135
-0.0244394
-0.0234264
-0.0577141
-0.0366036
-0.050244
-0.0503529
-0.0870531
-0.0513434
-0.075687
-0.0589402
-0.0669493
-0.0727526
-0.0780033
-0.10158
-0.0795265
-0.079665
-0.0935977
-0.100608
-0.0952818
-0.116097
-0.109048
-0.0814937
-0.158883
-0.124019
-0.0964387
-0.0853596
-0.0910809
-0.122207
-0.151687
0.115161
0.119796
-0.144428
-0.136182
-0.137837
-0.138635
-0.114859
-0.0823712
-0.123416
-0.116019
-0.122859
-0.102286
-0.0996583
-0.12136
-0.135341
-0.140678
-0.0827225
-0.102698
-0.0603697
-0.0802217
-0.0887811
-0.050198
-0.0823077
-0.0557585
-0.0821572
-0.0613505
-0.0446361
-0.0566623
-0.0543141
-0.0375436
-0.0503765
-0.0322978
-0.0303167
-0.000182916
0.010182
0.000970063
0.0315701
0.0408686
0.032693
0.0374394
0.0781558
0.0902417
0.0989426
0.0808573
0.0719818
0.114976
0.124126
0.12601
0.121736
0.126241
0.125269
0.128598
0.138546
0.141004
0.142021
-0.0852567
0.152546
0.169161
0.187644
0.238488
0.216102
0.206295
-0.337001
0.0161573
0.20662
0.237645
0.107618
0.215782
0.24352
-0.563868
0.397002
0.204416
0.267667
0.284059
0.271088
-0.786161
0.244532
-0.789469
0.21838
-0.19611
0.237372
0.156366
0.227006
0.0207349
0.223171
0.101858
0.218333
0.0365104
0.0831182
0.194696
0.0682456
0.140525
0.161638
0.151674
0.109402
0.0850924
0.127347
0.0155067
0.0631223
-0.222494
0.0714593
0.0420731
0.0545128
0.022781
-0.0364239
0.00364733
-0.0219689
0.113857
-0.0415498
-0.0452226
-0.0520514
-0.0857052
-0.205638
-0.114153
-0.11642
-0.115361
0.0936363
-0.106534
-0.175229
-0.142705
-0.149806
-0.161311
-0.195818
-0.130046
-0.123559
-0.178145
-0.207175
-0.126172
-0.23541
-0.197554
-0.289401
-0.239634
0.553729
-0.30884
-0.201511
-0.197447
-0.170582
-0.236384
-0.305539
-0.258959
-0.444061
-0.479133
-0.282829
0.946761
0.941376
0.975698
-0.999303
0.999978
0.964134
0.999691
0.79473
0.995008
0.999861
0.881443
0.974834
1
0.998004
0.999991
0.99259
0.993736
0.996742
0.999983
0.995968
-0.964821
1
0.990348
0.916207
0.999791
0.988789
-0.81065
0.933893
0.998189
0.946137
0.952965
0.681739
0.999898
0.941475
0.997821
0.880287
0.999991
-0.999437
0.99974
0.998184
0.996781
0.999863
0.999918
0.999504
0.993284
-0.413095
-0.171483
-0.193199
-0.215154
-0.156653
-0.10818
-0.165227
-0.122101
-0.151389
-0.159804
-0.138985
-0.109768
-0.110829
-0.113749
-0.108533
-0.111364
-0.115209
-0.125871
-0.14857
-0.189085
-0.17488
-0.207028
-0.209834
-0.173322
-0.0786079
-0.201044
-0.10665
-0.139081
-0.053899
-0.976365
0.999985
-0.966793
1
0.999839
-0.999333
1
1
-0.994508
0.985568
0.999998
0.999691
0.999985
0.974353
0.999987
0.981077
0.902385
-0.992975
1
0.972196
0.998379
1
0.99872
0.206249
0.999255
0.999946
0.900681
0.998162
-1
0.986567
-0.956549
0.989526
0.997833
-0.279874
-0.261026
-0.154663
-0.335472
-0.345514
-0.351514
-0.333785
-0.33813
-0.398349
-0.361112
-0.412781
-0.409184
-0.38907
-0.369929
-0.397249
-0.430443
0.0144133
-0.378852
-0.450093
-0.509911
-0.396572
-0.443366
-0.469663
-0.439269
-0.392345
-0.287744
-0.437956
-0.423398
-0.445116
-0.476512
-0.461855
-0.395778
0.99928
-0.390279
-0.432413
-0.419464
0.946712
-0.773734
-0.334046
-0.334046
0.988216
-0.335504
-0.34824
0.621602
-0.359817
-0.32865
-0.337649
-0.347647
-0.338514
-0.339075
-0.327395
-0.326629
-0.332595
-0.325359
